0.000000000000000000000000000000 0
0.049950000000000001343369859796 0.5
0.000000000000000000000000000000 1
0.000000000000000000000000000000 1.5
0.000000000000000000000000000000 2
0.000000000000000000000000000000 2.5
0.000000000000000000000000000000 3
0.000000000000000000000000000000 3.5
0.000000000000000000000000000000 4
0.000000000000000000000000000000 4.5
0.000000000000000000000000000000 5
0.000000000000000000000000000000 5.5
0.000000000000000000000000000000 6
0.000000000000000000000000000000 6.5
0.000000000000000000000000000000 7
0.000000000000000000000000000000 7.5
0.000000000000000000000000000000 8
0.000000000000000000000000000000 8.5
0.000000000000000000000000000000 9
0.000000000000000000000000000000 9.5
0.000000000000000000000000000000 10
0.000000000000000000000000000000 10.5
0.000000000000000000000000000000 11
0.000000000000000000000000000000 11.5
0.000000000000000000000000000000 12
0.000000000000000000000000000000 12.5
0.000000000000000000000000000000 13
0.000000000000000000000000000000 13.5
0.000000000000000000000000000000 14
0.000000000000000000000000000000 14.5
0.000000000000000000000000000000 15
0.000000000000000000000000000000 15.5
0.000000000000000000000000000000 16
0.000000000000000000000000000000 16.5
0.000000000000000000000000000000 17
0.000000000000000000000000000000 17.5
0.000000000000000000000000000000 18
0.000000000000000000000000000000 18.5
0.000000000000000000000000000000 19
0.000000000000000000000000000000 19.5
0.000000000000000000000000000000 20
0.000000000000000000000000000000 20.5
0.000000000000000000000000000000 21
0.000000000000000000000000000000 21.5
0.000000000000000000000000000000 22
0.000000000000000000000000000000 22.5
0.000000000000000000000000000000 23
0.000000000000000000000000000000 23.5
0.000000000000000000000000000000 24
0.000000000000000000000000000000 24.5
0.000000000000000000000000000000 25
0.000000000000000000000000000000 25.5
0.000000000000000000000000000000 26
0.000000000000000000000000000000 26.5
0.000000000000000000000000000000 27
0.000000000000000000000000000000 27.5
0.000000000000000000000000000000 28
0.000000000000000000000000000000 28.5
0.000000000000000000000000000000 29
0.000000000000000000000000000000 29.5
0.000000000000000000000000000000 30
0.000000000000000000000000000000 30.5
0.000000000000000000000000000000 31
0.000000000000000000000000000000 31.5
0.000000000000000000000000000000 32
0.000000000000000000000000000000 32.5
0.000000000000000000000000000000 33
0.000000000000000000000000000000 33.5
0.000000000000000000000000000000 34
0.000000000000000000000000000000 34.5
0.000000000000000000000000000000 35
0.000000000000000000000000000000 35.5
0.000000000000000000000000000000 36
0.000000000000000000000000000000 36.5
0.000000000000000000000000000000 37
0.000000000000000000000000000000 37.5
0.000000000000000000000000000000 38
0.000000000000000000000000000000 38.5
0.000000000000000000000000000000 39
0.000000000000000000000000000000 39.5
0.000000000000000000000000000000 40
0.000000000000000000000000000000 40.5
0.000000000000000000000000000000 41
0.000000000000000000000000000000 41.5
0.000000000000000000000000000000 42
0.000000000000000000000000000000 42.5
0.000000000000000000000000000000 43
0.000000000000000000000000000000 43.5
0.000000000000000000000000000000 44
0.000000000000000000000000000000 44.5
0.000000000000000000000000000000 45
0.000000000000000000000000000000 45.5
0.000000000000000000000000000000 46
0.000000000000000000000000000000 46.5
0.000000000000000000000000000000 47
0.000000000000000000000000000000 47.5
0.000000000000000000000000000000 48
0.000000000000000000000000000000 48.5
0.000000000000000000000000000000 49
0.000000000000000000000000000000 49.5
0.000000000000000000000000000000 50
0.000000000000000000000000000000 50.5
0.000000000000000000000000000000 51
0.000000000000000000000000000000 51.5
0.000000000000000000000000000000 52
0.000000000000000000000000000000 52.5
0.000000000000000000000000000000 53
0.000000000000000000000000000000 53.5
0.000000000000000000000000000000 54
0.000000000000000000000000000000 54.5
0.000000000000000000000000000000 55
0.000000000000000000000000000000 55.5
0.000000000000000000000000000000 56
0.000000000000000000000000000000 56.5
0.000000000000000000000000000000 57
0.000000000000000000000000000000 57.5
0.000000000000000000000000000000 58
0.000000000000000000000000000000 58.5
0.000000000000000000000000000000 59
0.000000000000000000000000000000 59.5
0.000000000000000000000000000000 60
0.000000000000000000000000000000 60.5
0.000000000000000000000000000000 61
0.000000000000000000000000000000 61.5
0.000000000000000000000000000000 62
0.000000000000000000000000000000 62.5
0.000000000000000000000000000000 63
0.000000000000000000000000000000 63.5
0.000000000000000000000000000000 64
0.000000000000000000000000000000 64.5
0.000000000000000000000000000000 65
0.000000000000000000000000000000 65.5
0.000000000000000000000000000000 66
0.000000000000000000000000000000 66.5
0.000000000000000000000000000000 67
0.000000000000000000000000000000 67.5
0.000000000000000000000000000000 68
0.000000000000000000000000000000 68.5
0.000000000000000000000000000000 69
0.000000000000000000000000000000 69.5
0.000000000000000000000000000000 70
0.000000000000000000000000000000 70.5
0.000000000000000000000000000000 71
0.000000000000000000000000000000 71.5
0.000000000000000000000000000000 72
0.000000000000000000000000000000 72.5
0.000000000000000000000000000000 73
0.000000000000000000000000000000 73.5
0.000000000000000000000000000000 74
0.000000000000000000000000000000 74.5
